1
2
3
4
1
1
3
7
5
9
7
4
9
11
14
7
4
9
7
20
2
1
4
22
22
21
21
8
9
23
20
1
31
19
31
23
35
21
8
11
35
24
1
2
8
9
22
20
15
41
50
2
13
27
3
39
54
43
38
16
60
17
37
12
6
6
25
38
33
5
16
20
15
47
10
63
73
39
67
48
68
26
6
5
83
10
41
67
15
7
87
48
21
48
16
24
87
67
44
54
84
9
68
36
70
14
100
46
51
30
101
7
47
91
47
4
73
52
64
114
22
83
15
9
13
67
55
2
37
41
87
18
17
71
96
69
122
99
28
103
78
100
140
133
54
7
68
79
38
133
105
118
24
30
110
108
16
147
58
69
82
103
101
149
57
100
65
40
110
130
125
122
94
118
134
116
135
25
124
4
164
84
26
61
166
17
183
1
101
122
43
22
46
27
76
145
2
132
65
36
112
45
189
94
53
166
180
26
196
8
84
10
95
170
84
60
207
47
136
111
147
96
174
114
110
153
195
214
154
60
189
61
134
85
208
125
191
97
207
145
33
185
49
185
105
242
72
234
93
50
94
22
56
188
209
183
34
155
59
6
26
179
122
24
258
138
128
159
239
62
206
142
71
244
209
171
65
106
242
238
43
270
64
146
5
25
192
95
171
208
165
108
94
30
80
295
153
125
182
6
125
101
276
93
11
295
58
207
98
229
196
85
111
25
112
238
315
249
153
216
19
3
55
217
23
24
143
34
71
282
77
53
58
36
328
127
237
320
252
316
225
335
232
273
214
288
93
189
215
321
245
90
247
287
281
215
292
258
164
20
59
79
363
239
264
239
335
43
355
21
371
254
350
222
37
66
115
293
318
343
289
59
368
141
89
116
168
247
200
322
1
113
387
394
312
165
40
390
337
128
399
144
192
237
400
296
383
259
272
250
372
282
153
285
319
285
111
270
30
53
326
321
342
44
25
331
403
239
302
319
323
199
122
82
264
140
260
79
63
59
380
430
295
132
352
276
35
422
13
425
377
379
434
56
387
73
389
434
411
372
45
244
395
264
382
76
326
228
441
417
27
27
247
205
28
22
350
445
272
137
282
53
189
200
263
108
13
334
177
374
449
470
464
3
365
410
172
98
93
275
